0 10 1.00000000
10 0 1.00000000
0 11 1.00000000
11 0 1.00000000
0 13 1.00000000
13 0 1.00000000
0 15 1.00000000
15 0 1.00000000
0 19 1.00000000
19 0 1.00000000
0 21 1.00000000
21 0 1.00000000
0 29 1.00000000
29 0 1.00000000
0 34 1.00000000
34 0 1.00000000
0 42 1.00000000
42 0 1.00000000
0 43 1.00000000
43 0 1.00000000
0 47 1.00000000
47 0 1.00000000
0 49 1.00000000
49 0 1.00000000
0 55 1.00000000
55 0 1.00000000
0 57 1.00000000
57 0 1.00000000
0 63 1.00000000
63 0 1.00000000
0 65 1.00000000
65 0 1.00000000
0 66 1.00000000
66 0 1.00000000
0 67 1.00000000
67 0 1.00000000
0 74 1.00000000
74 0 1.00000000
0 80 1.00000000
80 0 1.00000000
0 94 1.00000000
94 0 1.00000000
0 97 1.00000000
97 0 1.00000000
1 3 1.00000000
3 1 1.00000000
1 9 1.00000000
9 1 1.00000000
1 15 1.00000000
15 1 1.00000000
1 16 1.00000000
16 1 1.00000000
1 19 1.00000000
19 1 1.00000000
1 23 1.00000000
23 1 1.00000000
1 26 1.00000000
26 1 1.00000000
1 27 1.00000000
27 1 1.00000000
1 31 1.00000000
31 1 1.00000000
1 34 1.00000000
34 1 1.00000000
1 40 1.00000000
40 1 1.00000000
1 41 1.00000000
41 1 1.00000000
1 45 1.00000000
45 1 1.00000000
1 46 1.00000000
46 1 1.00000000
1 48 1.00000000
48 1 1.00000000
1 49 1.00000000
49 1 1.00000000
1 50 1.00000000
50 1 1.00000000
1 53 1.00000000
53 1 1.00000000
1 57 1.00000000
57 1 1.00000000
1 64 1.00000000
64 1 1.00000000
1 66 1.00000000
66 1 1.00000000
1 68 1.00000000
68 1 1.00000000
1 69 1.00000000
69 1 1.00000000
1 70 1.00000000
70 1 1.00000000
1 71 1.00000000
71 1 1.00000000
1 87 1.00000000
87 1 1.00000000
1 90 1.00000000
90 1 1.00000000
1 91 1.00000000
91 1 1.00000000
1 95 1.00000000
95 1 1.00000000
2 4 1.00000000
4 2 1.00000000
2 5 1.00000000
5 2 1.00000000
2 6 1.00000000
6 2 1.00000000
2 9 1.00000000
9 2 1.00000000
2 10 1.00000000
10 2 1.00000000
2 16 1.00000000
16 2 1.00000000
2 20 1.00000000
20 2 1.00000000
2 21 1.00000000
21 2 1.00000000
2 31 1.00000000
31 2 1.00000000
2 34 1.00000000
34 2 1.00000000
2 40 1.00000000
40 2 1.00000000
2 45 1.00000000
45 2 1.00000000
2 48 1.00000000
48 2 1.00000000
2 57 1.00000000
57 2 1.00000000
2 59 1.00000000
59 2 1.00000000
2 61 1.00000000
61 2 1.00000000
2 65 1.00000000
65 2 1.00000000
2 68 1.00000000
68 2 1.00000000
2 70 1.00000000
70 2 1.00000000
2 74 1.00000000
74 2 1.00000000
2 75 1.00000000
75 2 1.00000000
2 77 1.00000000
77 2 1.00000000
2 86 1.00000000
86 2 1.00000000
2 89 1.00000000
89 2 1.00000000
2 95 1.00000000
95 2 1.00000000
2 97 1.00000000
97 2 1.00000000
3 5 1.00000000
5 3 1.00000000
3 8 1.00000000
8 3 1.00000000
3 18 1.00000000
18 3 1.00000000
3 19 1.00000000
19 3 1.00000000
3 26 1.00000000
26 3 1.00000000
3 41 1.00000000
41 3 1.00000000
3 42 1.00000000
42 3 1.00000000
3 43 1.00000000
43 3 1.00000000
3 46 1.00000000
46 3 1.00000000
3 51 1.00000000
51 3 1.00000000
3 53 1.00000000
53 3 1.00000000
3 58 1.00000000
58 3 1.00000000
3 59 1.00000000
59 3 1.00000000
3 60 1.00000000
60 3 1.00000000
3 61 1.00000000
61 3 1.00000000
3 64 1.00000000
64 3 1.00000000
3 66 1.00000000
66 3 1.00000000
3 78 1.00000000
78 3 1.00000000
3 80 1.00000000
80 3 1.00000000
3 84 1.00000000
84 3 1.00000000
3 89 1.00000000
89 3 1.00000000
3 90 1.00000000
90 3 1.00000000
3 92 1.00000000
92 3 1.00000000
3 95 1.00000000
95 3 1.00000000
3 99 1.00000000
99 3 1.00000000
4 6 1.00000000
6 4 1.00000000
4 9 1.00000000
9 4 1.00000000
4 13 1.00000000
13 4 1.00000000
4 22 1.00000000
22 4 1.00000000
4 23 1.00000000
23 4 1.00000000
4 26 1.00000000
26 4 1.00000000
4 31 1.00000000
31 4 1.00000000
4 33 1.00000000
33 4 1.00000000
4 34 1.00000000
34 4 1.00000000
4 36 1.00000000
36 4 1.00000000
4 41 1.00000000
41 4 1.00000000
4 43 1.00000000
43 4 1.00000000
4 46 1.00000000
46 4 1.00000000
4 53 1.00000000
53 4 1.00000000
4 55 1.00000000
55 4 1.00000000
4 56 1.00000000
56 4 1.00000000
4 62 1.00000000
62 4 1.00000000
4 68 1.00000000
68 4 1.00000000
4 71 1.00000000
71 4 1.00000000
4 73 1.00000000
73 4 1.00000000
4 74 1.00000000
74 4 1.00000000
4 81 1.00000000
81 4 1.00000000
4 87 1.00000000
87 4 1.00000000
4 90 1.00000000
90 4 1.00000000
4 94 1.00000000
94 4 1.00000000
4 98 1.00000000
98 4 1.00000000
4 99 1.00000000
99 4 1.00000000
5 9 1.00000000
9 5 1.00000000
5 11 1.00000000
11 5 1.00000000
5 15 1.00000000
15 5 1.00000000
5 17 1.00000000
17 5 1.00000000
5 19 1.00000000
19 5 1.00000000
5 21 1.00000000
21 5 1.00000000
5 23 1.00000000
23 5 1.00000000
5 24 1.00000000
24 5 1.00000000
5 28 1.00000000
28 5 1.00000000
5 30 1.00000000
30 5 1.00000000
5 32 1.00000000
32 5 1.00000000
5 42 1.00000000
42 5 1.00000000
5 46 1.00000000
46 5 1.00000000
5 50 1.00000000
50 5 1.00000000
5 52 1.00000000
52 5 1.00000000
5 53 1.00000000
53 5 1.00000000
5 54 1.00000000
54 5 1.00000000
5 58 1.00000000
58 5 1.00000000
5 59 1.00000000
59 5 1.00000000
5 61 1.00000000
61 5 1.00000000
5 63 1.00000000
63 5 1.00000000
5 68 1.00000000
68 5 1.00000000
5 69 1.00000000
69 5 1.00000000
5 71 1.00000000
71 5 1.00000000
5 75 1.00000000
75 5 1.00000000
5 83 1.00000000
83 5 1.00000000
5 85 1.00000000
85 5 1.00000000
5 86 1.00000000
86 5 1.00000000
5 90 1.00000000
90 5 1.00000000
5 96 1.00000000
96 5 1.00000000
5 97 1.00000000
97 5 1.00000000
5 99 1.00000000
99 5 1.00000000
6 8 1.00000000
8 6 1.00000000
6 9 1.00000000
9 6 1.00000000
6 13 1.00000000
13 6 1.00000000
6 20 1.00000000
20 6 1.00000000
6 23 1.00000000
23 6 1.00000000
6 26 1.00000000
26 6 1.00000000
6 27 1.00000000
27 6 1.00000000
6 29 1.00000000
29 6 1.00000000
6 31 1.00000000
31 6 1.00000000
6 32 1.00000000
32 6 1.00000000
6 33 1.00000000
33 6 1.00000000
6 34 1.00000000
34 6 1.00000000
6 40 1.00000000
40 6 1.00000000
6 44 1.00000000
44 6 1.00000000
6 45 1.00000000
45 6 1.00000000
6 47 1.00000000
47 6 1.00000000
6 48 1.00000000
48 6 1.00000000
6 57 1.00000000
57 6 1.00000000
6 62 1.00000000
62 6 1.00000000
6 63 1.00000000
63 6 1.00000000
6 70 1.00000000
70 6 1.00000000
6 74 1.00000000
74 6 1.00000000
6 76 1.00000000
76 6 1.00000000
6 81 1.00000000
81 6 1.00000000
6 83 1.00000000
83 6 1.00000000
6 87 1.00000000
87 6 1.00000000
6 89 1.00000000
89 6 1.00000000
6 90 1.00000000
90 6 1.00000000
6 91 1.00000000
91 6 1.00000000
6 95 1.00000000
95 6 1.00000000
7 12 1.00000000
12 7 1.00000000
7 23 1.00000000
23 7 1.00000000
7 25 1.00000000
25 7 1.00000000
7 31 1.00000000
31 7 1.00000000
7 35 1.00000000
35 7 1.00000000
7 36 1.00000000
36 7 1.00000000
7 37 1.00000000
37 7 1.00000000
7 40 1.00000000
40 7 1.00000000
7 41 1.00000000
41 7 1.00000000
7 42 1.00000000
42 7 1.00000000
7 45 1.00000000
45 7 1.00000000
7 47 1.00000000
47 7 1.00000000
7 50 1.00000000
50 7 1.00000000
7 52 1.00000000
52 7 1.00000000
7 53 1.00000000
53 7 1.00000000
7 54 1.00000000
54 7 1.00000000
7 56 1.00000000
56 7 1.00000000
7 59 1.00000000
59 7 1.00000000
7 64 1.00000000
64 7 1.00000000
7 67 1.00000000
67 7 1.00000000
7 75 1.00000000
75 7 1.00000000
7 81 1.00000000
81 7 1.00000000
7 82 1.00000000
82 7 1.00000000
7 89 1.00000000
89 7 1.00000000
7 90 1.00000000
90 7 1.00000000
7 96 1.00000000
96 7 1.00000000
7 97 1.00000000
97 7 1.00000000
8 11 1.00000000
11 8 1.00000000
8 14 1.00000000
14 8 1.00000000
8 16 1.00000000
16 8 1.00000000
8 17 1.00000000
17 8 1.00000000
8 26 1.00000000
26 8 1.00000000
8 27 1.00000000
27 8 1.00000000
8 32 1.00000000
32 8 1.00000000
8 35 1.00000000
35 8 1.00000000
8 36 1.00000000
36 8 1.00000000
8 44 1.00000000
44 8 1.00000000
8 53 1.00000000
53 8 1.00000000
8 58 1.00000000
58 8 1.00000000
8 68 1.00000000
68 8 1.00000000
8 72 1.00000000
72 8 1.00000000
8 81 1.00000000
81 8 1.00000000
8 82 1.00000000
82 8 1.00000000
8 86 1.00000000
86 8 1.00000000
8 87 1.00000000
87 8 1.00000000
8 88 1.00000000
88 8 1.00000000
8 91 1.00000000
91 8 1.00000000
8 94 1.00000000
94 8 1.00000000
8 95 1.00000000
95 8 1.00000000
8 97 1.00000000
97 8 1.00000000
9 11 1.00000000
11 9 1.00000000
9 14 1.00000000
14 9 1.00000000
9 29 1.00000000
29 9 1.00000000
9 31 1.00000000
31 9 1.00000000
9 34 1.00000000
34 9 1.00000000
9 37 1.00000000
37 9 1.00000000
9 41 1.00000000
41 9 1.00000000
9 42 1.00000000
42 9 1.00000000
9 51 1.00000000
51 9 1.00000000
9 55 1.00000000
55 9 1.00000000
9 56 1.00000000
56 9 1.00000000
9 57 1.00000000
57 9 1.00000000
9 61 1.00000000
61 9 1.00000000
9 65 1.00000000
65 9 1.00000000
9 69 1.00000000
69 9 1.00000000
9 71 1.00000000
71 9 1.00000000
9 72 1.00000000
72 9 1.00000000
9 80 1.00000000
80 9 1.00000000
9 82 1.00000000
82 9 1.00000000
9 88 1.00000000
88 9 1.00000000
9 89 1.00000000
89 9 1.00000000
9 91 1.00000000
91 9 1.00000000
9 92 1.00000000
92 9 1.00000000
9 98 1.00000000
98 9 1.00000000
10 11 1.00000000
11 10 1.00000000
10 15 1.00000000
15 10 1.00000000
10 19 1.00000000
19 10 1.00000000
10 20 1.00000000
20 10 1.00000000
10 21 1.00000000
21 10 1.00000000
10 26 1.00000000
26 10 1.00000000
10 27 1.00000000
27 10 1.00000000
10 30 1.00000000
30 10 1.00000000
10 41 1.00000000
41 10 1.00000000
10 42 1.00000000
42 10 1.00000000
10 46 1.00000000
46 10 1.00000000
10 53 1.00000000
53 10 1.00000000
10 58 1.00000000
58 10 1.00000000
10 59 1.00000000
59 10 1.00000000
10 62 1.00000000
62 10 1.00000000
10 68 1.00000000
68 10 1.00000000
10 71 1.00000000
71 10 1.00000000
10 73 1.00000000
73 10 1.00000000
10 74 1.00000000
74 10 1.00000000
10 87 1.00000000
87 10 1.00000000
10 88 1.00000000
88 10 1.00000000
10 90 1.00000000
90 10 1.00000000
10 92 1.00000000
92 10 1.00000000
10 95 1.00000000
95 10 1.00000000
10 97 1.00000000
97 10 1.00000000
10 98 1.00000000
98 10 1.00000000
11 13 1.00000000
13 11 1.00000000
11 17 1.00000000
17 11 1.00000000
11 24 1.00000000
24 11 1.00000000
11 25 1.00000000
25 11 1.00000000
11 27 1.00000000
27 11 1.00000000
11 35 1.00000000
35 11 1.00000000
11 39 1.00000000
39 11 1.00000000
11 41 1.00000000
41 11 1.00000000
11 43 1.00000000
43 11 1.00000000
11 44 1.00000000
44 11 1.00000000
11 45 1.00000000
45 11 1.00000000
11 49 1.00000000
49 11 1.00000000
11 50 1.00000000
50 11 1.00000000
11 54 1.00000000
54 11 1.00000000
11 59 1.00000000
59 11 1.00000000
11 60 1.00000000
60 11 1.00000000
11 65 1.00000000
65 11 1.00000000
11 68 1.00000000
68 11 1.00000000
11 73 1.00000000
73 11 1.00000000
11 84 1.00000000
84 11 1.00000000
11 85 1.00000000
85 11 1.00000000
11 86 1.00000000
86 11 1.00000000
11 89 1.00000000
89 11 1.00000000
11 93 1.00000000
93 11 1.00000000
11 94 1.00000000
94 11 1.00000000
11 98 1.00000000
98 11 1.00000000
12 14 1.00000000
14 12 1.00000000
12 18 1.00000000
18 12 1.00000000
12 21 1.00000000
21 12 1.00000000
12 22 1.00000000
22 12 1.00000000
12 25 1.00000000
25 12 1.00000000
12 26 1.00000000
26 12 1.00000000
12 28 1.00000000
28 12 1.00000000
12 43 1.00000000
43 12 1.00000000
12 48 1.00000000
48 12 1.00000000
12 55 1.00000000
55 12 1.00000000
12 60 1.00000000
60 12 1.00000000
12 61 1.00000000
61 12 1.00000000
12 68 1.00000000
68 12 1.00000000
12 70 1.00000000
70 12 1.00000000
12 79 1.00000000
79 12 1.00000000
12 80 1.00000000
80 12 1.00000000
12 85 1.00000000
85 12 1.00000000
12 86 1.00000000
86 12 1.00000000
12 87 1.00000000
87 12 1.00000000
12 88 1.00000000
88 12 1.00000000
13 15 1.00000000
15 13 1.00000000
13 17 1.00000000
17 13 1.00000000
13 18 1.00000000
18 13 1.00000000
13 19 1.00000000
19 13 1.00000000
13 22 1.00000000
22 13 1.00000000
13 27 1.00000000
27 13 1.00000000
13 31 1.00000000
31 13 1.00000000
13 32 1.00000000
32 13 1.00000000
13 33 1.00000000
33 13 1.00000000
13 36 1.00000000
36 13 1.00000000
13 39 1.00000000
39 13 1.00000000
13 48 1.00000000
48 13 1.00000000
13 50 1.00000000
50 13 1.00000000
13 51 1.00000000
51 13 1.00000000
13 54 1.00000000
54 13 1.00000000
13 56 1.00000000
56 13 1.00000000
13 60 1.00000000
60 13 1.00000000
13 61 1.00000000
61 13 1.00000000
13 62 1.00000000
62 13 1.00000000
13 63 1.00000000
63 13 1.00000000
13 64 1.00000000
64 13 1.00000000
13 65 1.00000000
65 13 1.00000000
13 70 1.00000000
70 13 1.00000000
13 72 1.00000000
72 13 1.00000000
13 77 1.00000000
77 13 1.00000000
13 80 1.00000000
80 13 1.00000000
13 81 1.00000000
81 13 1.00000000
13 84 1.00000000
84 13 1.00000000
13 85 1.00000000
85 13 1.00000000
13 93 1.00000000
93 13 1.00000000
13 97 1.00000000
97 13 1.00000000
14 18 1.00000000
18 14 1.00000000
14 23 1.00000000
23 14 1.00000000
14 25 1.00000000
25 14 1.00000000
14 26 1.00000000
26 14 1.00000000
14 30 1.00000000
30 14 1.00000000
14 32 1.00000000
32 14 1.00000000
14 35 1.00000000
35 14 1.00000000
14 36 1.00000000
36 14 1.00000000
14 38 1.00000000
38 14 1.00000000
14 45 1.00000000
45 14 1.00000000
14 51 1.00000000
51 14 1.00000000
14 54 1.00000000
54 14 1.00000000
14 55 1.00000000
55 14 1.00000000
14 57 1.00000000
57 14 1.00000000
14 64 1.00000000
64 14 1.00000000
14 85 1.00000000
85 14 1.00000000
14 86 1.00000000
86 14 1.00000000
14 91 1.00000000
91 14 1.00000000
15 17 1.00000000
17 15 1.00000000
15 18 1.00000000
18 15 1.00000000
15 21 1.00000000
21 15 1.00000000
15 27 1.00000000
27 15 1.00000000
15 29 1.00000000
29 15 1.00000000
15 30 1.00000000
30 15 1.00000000
15 32 1.00000000
32 15 1.00000000
15 34 1.00000000
34 15 1.00000000
15 35 1.00000000
35 15 1.00000000
15 40 1.00000000
40 15 1.00000000
15 44 1.00000000
44 15 1.00000000
15 50 1.00000000
50 15 1.00000000
15 55 1.00000000
55 15 1.00000000
15 56 1.00000000
56 15 1.00000000
15 58 1.00000000
58 15 1.00000000
15 63 1.00000000
63 15 1.00000000
15 67 1.00000000
67 15 1.00000000
15 69 1.00000000
69 15 1.00000000
15 73 1.00000000
73 15 1.00000000
15 74 1.00000000
74 15 1.00000000
15 76 1.00000000
76 15 1.00000000
15 80 1.00000000
80 15 1.00000000
15 81 1.00000000
81 15 1.00000000
15 83 1.00000000
83 15 1.00000000
15 84 1.00000000
84 15 1.00000000
15 88 1.00000000
88 15 1.00000000
15 91 1.00000000
91 15 1.00000000
16 18 1.00000000
18 16 1.00000000
16 22 1.00000000
22 16 1.00000000
16 25 1.00000000
25 16 1.00000000
16 27 1.00000000
27 16 1.00000000
16 29 1.00000000
29 16 1.00000000
16 32 1.00000000
32 16 1.00000000
16 33 1.00000000
33 16 1.00000000
16 34 1.00000000
34 16 1.00000000
16 42 1.00000000
42 16 1.00000000
16 43 1.00000000
43 16 1.00000000
16 45 1.00000000
45 16 1.00000000
16 48 1.00000000
48 16 1.00000000
16 59 1.00000000
59 16 1.00000000
16 62 1.00000000
62 16 1.00000000
16 66 1.00000000
66 16 1.00000000
16 67 1.00000000
67 16 1.00000000
16 68 1.00000000
68 16 1.00000000
16 71 1.00000000
71 16 1.00000000
16 73 1.00000000
73 16 1.00000000
16 78 1.00000000
78 16 1.00000000
16 79 1.00000000
79 16 1.00000000
16 83 1.00000000
83 16 1.00000000
16 86 1.00000000
86 16 1.00000000
16 88 1.00000000
88 16 1.00000000
16 90 1.00000000
90 16 1.00000000
16 92 1.00000000
92 16 1.00000000
17 20 1.00000000
20 17 1.00000000
17 33 1.00000000
33 17 1.00000000
17 37 1.00000000
37 17 1.00000000
17 47 1.00000000
47 17 1.00000000
17 53 1.00000000
53 17 1.00000000
17 62 1.00000000
62 17 1.00000000
17 64 1.00000000
64 17 1.00000000
17 74 1.00000000
74 17 1.00000000
17 76 1.00000000
76 17 1.00000000
17 77 1.00000000
77 17 1.00000000
17 81 1.00000000
81 17 1.00000000
17 83 1.00000000
83 17 1.00000000
17 88 1.00000000
88 17 1.00000000
17 92 1.00000000
92 17 1.00000000
17 93 1.00000000
93 17 1.00000000
17 94 1.00000000
94 17 1.00000000
17 95 1.00000000
95 17 1.00000000
17 97 1.00000000
97 17 1.00000000
18 20 1.00000000
20 18 1.00000000
18 28 1.00000000
28 18 1.00000000
18 30 1.00000000
30 18 1.00000000
18 37 1.00000000
37 18 1.00000000
18 39 1.00000000
39 18 1.00000000
18 40 1.00000000
40 18 1.00000000
18 41 1.00000000
41 18 1.00000000
18 49 1.00000000
49 18 1.00000000
18 50 1.00000000
50 18 1.00000000
18 51 1.00000000
51 18 1.00000000
18 52 1.00000000
52 18 1.00000000
18 54 1.00000000
54 18 1.00000000
18 58 1.00000000
58 18 1.00000000
18 64 1.00000000
64 18 1.00000000
18 65 1.00000000
65 18 1.00000000
18 69 1.00000000
69 18 1.00000000
18 71 1.00000000
71 18 1.00000000
18 73 1.00000000
73 18 1.00000000
18 74 1.00000000
74 18 1.00000000
18 77 1.00000000
77 18 1.00000000
18 82 1.00000000
82 18 1.00000000
18 83 1.00000000
83 18 1.00000000
18 85 1.00000000
85 18 1.00000000
18 86 1.00000000
86 18 1.00000000
18 88 1.00000000
88 18 1.00000000
18 90 1.00000000
90 18 1.00000000
18 92 1.00000000
92 18 1.00000000
18 93 1.00000000
93 18 1.00000000
18 99 1.00000000
99 18 1.00000000
19 21 1.00000000
21 19 1.00000000
19 22 1.00000000
22 19 1.00000000
19 25 1.00000000
25 19 1.00000000
19 31 1.00000000
31 19 1.00000000
19 34 1.00000000
34 19 1.00000000
19 35 1.00000000
35 19 1.00000000
19 38 1.00000000
38 19 1.00000000
19 50 1.00000000
50 19 1.00000000
19 55 1.00000000
55 19 1.00000000
19 58 1.00000000
58 19 1.00000000
19 64 1.00000000
64 19 1.00000000
19 70 1.00000000
70 19 1.00000000
19 72 1.00000000
72 19 1.00000000
19 77 1.00000000
77 19 1.00000000
19 82 1.00000000
82 19 1.00000000
19 84 1.00000000
84 19 1.00000000
19 99 1.00000000
99 19 1.00000000
20 21 1.00000000
21 20 1.00000000
20 28 1.00000000
28 20 1.00000000
20 33 1.00000000
33 20 1.00000000
20 37 1.00000000
37 20 1.00000000
20 42 1.00000000
42 20 1.00000000
20 45 1.00000000
45 20 1.00000000
20 48 1.00000000
48 20 1.00000000
20 52 1.00000000
52 20 1.00000000
20 53 1.00000000
53 20 1.00000000
20 55 1.00000000
55 20 1.00000000
20 58 1.00000000
58 20 1.00000000
20 67 1.00000000
67 20 1.00000000
20 68 1.00000000
68 20 1.00000000
20 71 1.00000000
71 20 1.00000000
20 73 1.00000000
73 20 1.00000000
20 77 1.00000000
77 20 1.00000000
20 80 1.00000000
80 20 1.00000000
20 81 1.00000000
81 20 1.00000000
20 82 1.00000000
82 20 1.00000000
20 85 1.00000000
85 20 1.00000000
20 88 1.00000000
88 20 1.00000000
20 91 1.00000000
91 20 1.00000000
21 24 1.00000000
24 21 1.00000000
21 25 1.00000000
25 21 1.00000000
21 26 1.00000000
26 21 1.00000000
21 27 1.00000000
27 21 1.00000000
21 31 1.00000000
31 21 1.00000000
21 33 1.00000000
33 21 1.00000000
21 35 1.00000000
35 21 1.00000000
21 37 1.00000000
37 21 1.00000000
21 40 1.00000000
40 21 1.00000000
21 42 1.00000000
42 21 1.00000000
21 43 1.00000000
43 21 1.00000000
21 51 1.00000000
51 21 1.00000000
21 53 1.00000000
53 21 1.00000000
21 56 1.00000000
56 21 1.00000000
21 58 1.00000000
58 21 1.00000000
21 59 1.00000000
59 21 1.00000000
21 60 1.00000000
60 21 1.00000000
21 65 1.00000000
65 21 1.00000000
21 66 1.00000000
66 21 1.00000000
21 71 1.00000000
71 21 1.00000000
21 72 1.00000000
72 21 1.00000000
21 80 1.00000000
80 21 1.00000000
21 83 1.00000000
83 21 1.00000000
21 91 1.00000000
91 21 1.00000000
21 92 1.00000000
92 21 1.00000000
22 28 1.00000000
28 22 1.00000000
22 39 1.00000000
39 22 1.00000000
22 43 1.00000000
43 22 1.00000000
22 44 1.00000000
44 22 1.00000000
22 49 1.00000000
49 22 1.00000000
22 50 1.00000000
50 22 1.00000000
22 56 1.00000000
56 22 1.00000000
22 59 1.00000000
59 22 1.00000000
22 63 1.00000000
63 22 1.00000000
22 70 1.00000000
70 22 1.00000000
22 74 1.00000000
74 22 1.00000000
22 77 1.00000000
77 22 1.00000000
22 79 1.00000000
79 22 1.00000000
22 81 1.00000000
81 22 1.00000000
22 82 1.00000000
82 22 1.00000000
22 87 1.00000000
87 22 1.00000000
22 88 1.00000000
88 22 1.00000000
22 89 1.00000000
89 22 1.00000000
22 97 1.00000000
97 22 1.00000000
22 99 1.00000000
99 22 1.00000000
23 28 1.00000000
28 23 1.00000000
23 34 1.00000000
34 23 1.00000000
23 35 1.00000000
35 23 1.00000000
23 37 1.00000000
37 23 1.00000000
23 40 1.00000000
40 23 1.00000000
23 41 1.00000000
41 23 1.00000000
23 44 1.00000000
44 23 1.00000000
23 47 1.00000000
47 23 1.00000000
23 51 1.00000000
51 23 1.00000000
23 52 1.00000000
52 23 1.00000000
23 59 1.00000000
59 23 1.00000000
23 62 1.00000000
62 23 1.00000000
23 63 1.00000000
63 23 1.00000000
23 66 1.00000000
66 23 1.00000000
23 67 1.00000000
67 23 1.00000000
23 73 1.00000000
73 23 1.00000000
23 75 1.00000000
75 23 1.00000000
23 77 1.00000000
77 23 1.00000000
23 79 1.00000000
79 23 1.00000000
23 80 1.00000000
80 23 1.00000000
23 84 1.00000000
84 23 1.00000000
23 87 1.00000000
87 23 1.00000000
23 93 1.00000000
93 23 1.00000000
23 94 1.00000000
94 23 1.00000000
23 95 1.00000000
95 23 1.00000000
23 97 1.00000000
97 23 1.00000000
23 98 1.00000000
98 23 1.00000000
24 25 1.00000000
25 24 1.00000000
24 29 1.00000000
29 24 1.00000000
24 35 1.00000000
35 24 1.00000000
24 36 1.00000000
36 24 1.00000000
24 43 1.00000000
43 24 1.00000000
24 44 1.00000000
44 24 1.00000000
24 45 1.00000000
45 24 1.00000000
24 47 1.00000000
47 24 1.00000000
24 55 1.00000000
55 24 1.00000000
24 56 1.00000000
56 24 1.00000000
24 57 1.00000000
57 24 1.00000000
24 61 1.00000000
61 24 1.00000000
24 68 1.00000000
68 24 1.00000000
24 69 1.00000000
69 24 1.00000000
24 71 1.00000000
71 24 1.00000000
24 72 1.00000000
72 24 1.00000000
24 73 1.00000000
73 24 1.00000000
24 74 1.00000000
74 24 1.00000000
24 76 1.00000000
76 24 1.00000000
24 81 1.00000000
81 24 1.00000000
24 88 1.00000000
88 24 1.00000000
24 92 1.00000000
92 24 1.00000000
24 95 1.00000000
95 24 1.00000000
24 99 1.00000000
99 24 1.00000000
25 26 1.00000000
26 25 1.00000000
25 32 1.00000000
32 25 1.00000000
25 35 1.00000000
35 25 1.00000000
25 44 1.00000000
44 25 1.00000000
25 46 1.00000000
46 25 1.00000000
25 54 1.00000000
54 25 1.00000000
25 57 1.00000000
57 25 1.00000000
25 58 1.00000000
58 25 1.00000000
25 65 1.00000000
65 25 1.00000000
25 67 1.00000000
67 25 1.00000000
25 72 1.00000000
72 25 1.00000000
25 76 1.00000000
76 25 1.00000000
25 77 1.00000000
77 25 1.00000000
25 79 1.00000000
79 25 1.00000000
25 82 1.00000000
82 25 1.00000000
25 91 1.00000000
91 25 1.00000000
25 93 1.00000000
93 25 1.00000000
25 95 1.00000000
95 25 1.00000000
26 27 1.00000000
27 26 1.00000000
26 28 1.00000000
28 26 1.00000000
26 31 1.00000000
31 26 1.00000000
26 35 1.00000000
35 26 1.00000000
26 41 1.00000000
41 26 1.00000000
26 43 1.00000000
43 26 1.00000000
26 45 1.00000000
45 26 1.00000000
26 47 1.00000000
47 26 1.00000000
26 52 1.00000000
52 26 1.00000000
26 57 1.00000000
57 26 1.00000000
26 61 1.00000000
61 26 1.00000000
26 64 1.00000000
64 26 1.00000000
26 65 1.00000000
65 26 1.00000000
26 66 1.00000000
66 26 1.00000000
26 71 1.00000000
71 26 1.00000000
26 73 1.00000000
73 26 1.00000000
26 75 1.00000000
75 26 1.00000000
26 80 1.00000000
80 26 1.00000000
26 82 1.00000000
82 26 1.00000000
26 87 1.00000000
87 26 1.00000000
26 89 1.00000000
89 26 1.00000000
26 97 1.00000000
97 26 1.00000000
27 31 1.00000000
31 27 1.00000000
27 38 1.00000000
38 27 1.00000000
27 39 1.00000000
39 27 1.00000000
27 48 1.00000000
48 27 1.00000000
27 50 1.00000000
50 27 1.00000000
27 53 1.00000000
53 27 1.00000000
27 57 1.00000000
57 27 1.00000000
27 60 1.00000000
60 27 1.00000000
27 61 1.00000000
61 27 1.00000000
27 63 1.00000000
63 27 1.00000000
27 64 1.00000000
64 27 1.00000000
27 68 1.00000000
68 27 1.00000000
27 70 1.00000000
70 27 1.00000000
27 72 1.00000000
72 27 1.00000000
27 83 1.00000000
83 27 1.00000000
27 85 1.00000000
85 27 1.00000000
27 87 1.00000000
87 27 1.00000000
27 88 1.00000000
88 27 1.00000000
27 95 1.00000000
95 27 1.00000000
27 99 1.00000000
99 27 1.00000000
28 29 1.00000000
29 28 1.00000000
28 30 1.00000000
30 28 1.00000000
28 46 1.00000000
46 28 1.00000000
28 54 1.00000000
54 28 1.00000000
28 59 1.00000000
59 28 1.00000000
28 63 1.00000000
63 28 1.00000000
28 67 1.00000000
67 28 1.00000000
28 71 1.00000000
71 28 1.00000000
28 72 1.00000000
72 28 1.00000000
28 74 1.00000000
74 28 1.00000000
28 76 1.00000000
76 28 1.00000000
28 79 1.00000000
79 28 1.00000000
28 83 1.00000000
83 28 1.00000000
28 84 1.00000000
84 28 1.00000000
28 86 1.00000000
86 28 1.00000000
28 89 1.00000000
89 28 1.00000000
28 91 1.00000000
91 28 1.00000000
28 96 1.00000000
96 28 1.00000000
28 98 1.00000000
98 28 1.00000000
29 30 1.00000000
30 29 1.00000000
29 34 1.00000000
34 29 1.00000000
29 35 1.00000000
35 29 1.00000000
29 39 1.00000000
39 29 1.00000000
29 40 1.00000000
40 29 1.00000000
29 43 1.00000000
43 29 1.00000000
29 45 1.00000000
45 29 1.00000000
29 52 1.00000000
52 29 1.00000000
29 53 1.00000000
53 29 1.00000000
29 54 1.00000000
54 29 1.00000000
29 57 1.00000000
57 29 1.00000000
29 59 1.00000000
59 29 1.00000000
29 60 1.00000000
60 29 1.00000000
29 61 1.00000000
61 29 1.00000000
29 62 1.00000000
62 29 1.00000000
29 66 1.00000000
66 29 1.00000000
29 73 1.00000000
73 29 1.00000000
29 75 1.00000000
75 29 1.00000000
29 77 1.00000000
77 29 1.00000000
29 79 1.00000000
79 29 1.00000000
29 80 1.00000000
80 29 1.00000000
29 83 1.00000000
83 29 1.00000000
29 89 1.00000000
89 29 1.00000000
29 91 1.00000000
91 29 1.00000000
29 92 1.00000000
92 29 1.00000000
29 93 1.00000000
93 29 1.00000000
30 35 1.00000000
35 30 1.00000000
30 37 1.00000000
37 30 1.00000000
30 46 1.00000000
46 30 1.00000000
30 58 1.00000000
58 30 1.00000000
30 65 1.00000000
65 30 1.00000000
30 66 1.00000000
66 30 1.00000000
30 69 1.00000000
69 30 1.00000000
30 73 1.00000000
73 30 1.00000000
30 78 1.00000000
78 30 1.00000000
30 89 1.00000000
89 30 1.00000000
30 92 1.00000000
92 30 1.00000000
30 94 1.00000000
94 30 1.00000000
31 32 1.00000000
32 31 1.00000000
31 33 1.00000000
33 31 1.00000000
31 34 1.00000000
34 31 1.00000000
31 38 1.00000000
38 31 1.00000000
31 41 1.00000000
41 31 1.00000000
31 44 1.00000000
44 31 1.00000000
31 45 1.00000000
45 31 1.00000000
31 47 1.00000000
47 31 1.00000000
31 48 1.00000000
48 31 1.00000000
31 50 1.00000000
50 31 1.00000000
31 52 1.00000000
52 31 1.00000000
31 55 1.00000000
55 31 1.00000000
31 60 1.00000000
60 31 1.00000000
31 62 1.00000000
62 31 1.00000000
31 65 1.00000000
65 31 1.00000000
31 67 1.00000000
67 31 1.00000000
31 69 1.00000000
69 31 1.00000000
31 70 1.00000000
70 31 1.00000000
31 72 1.00000000
72 31 1.00000000
31 78 1.00000000
78 31 1.00000000
31 79 1.00000000
79 31 1.00000000
31 81 1.00000000
81 31 1.00000000
31 89 1.00000000
89 31 1.00000000
32 34 1.00000000
34 32 1.00000000
32 37 1.00000000
37 32 1.00000000
32 41 1.00000000
41 32 1.00000000
32 45 1.00000000
45 32 1.00000000
32 58 1.00000000
58 32 1.00000000
32 69 1.00000000
69 32 1.00000000
32 73 1.00000000
73 32 1.00000000
32 75 1.00000000
75 32 1.00000000
32 81 1.00000000
81 32 1.00000000
32 87 1.00000000
87 32 1.00000000
32 88 1.00000000
88 32 1.00000000
32 90 1.00000000
90 32 1.00000000
32 92 1.00000000
92 32 1.00000000
33 34 1.00000000
34 33 1.00000000
33 38 1.00000000
38 33 1.00000000
33 42 1.00000000
42 33 1.00000000
33 45 1.00000000
45 33 1.00000000
33 49 1.00000000
49 33 1.00000000
33 52 1.00000000
52 33 1.00000000
33 53 1.00000000
53 33 1.00000000
33 55 1.00000000
55 33 1.00000000
33 58 1.00000000
58 33 1.00000000
33 60 1.00000000
60 33 1.00000000
33 67 1.00000000
67 33 1.00000000
33 72 1.00000000
72 33 1.00000000
33 78 1.00000000
78 33 1.00000000
33 83 1.00000000
83 33 1.00000000
33 88 1.00000000
88 33 1.00000000
33 95 1.00000000
95 33 1.00000000
34 39 1.00000000
39 34 1.00000000
34 41 1.00000000
41 34 1.00000000
34 42 1.00000000
42 34 1.00000000
34 43 1.00000000
43 34 1.00000000
34 45 1.00000000
45 34 1.00000000
34 52 1.00000000
52 34 1.00000000
34 53 1.00000000
53 34 1.00000000
34 54 1.00000000
54 34 1.00000000
34 55 1.00000000
55 34 1.00000000
34 56 1.00000000
56 34 1.00000000
34 61 1.00000000
61 34 1.00000000
34 62 1.00000000
62 34 1.00000000
34 67 1.00000000
67 34 1.00000000
34 69 1.00000000
69 34 1.00000000
34 71 1.00000000
71 34 1.00000000
34 73 1.00000000
73 34 1.00000000
34 74 1.00000000
74 34 1.00000000
34 75 1.00000000
75 34 1.00000000
34 80 1.00000000
80 34 1.00000000
34 81 1.00000000
81 34 1.00000000
34 82 1.00000000
82 34 1.00000000
34 90 1.00000000
90 34 1.00000000
34 93 1.00000000
93 34 1.00000000
34 95 1.00000000
95 34 1.00000000
34 96 1.00000000
96 34 1.00000000
34 97 1.00000000
97 34 1.00000000
34 98 1.00000000
98 34 1.00000000
35 36 1.00000000
36 35 1.00000000
35 47 1.00000000
47 35 1.00000000
35 50 1.00000000
50 35 1.00000000
35 51 1.00000000
51 35 1.00000000
35 52 1.00000000
52 35 1.00000000
35 53 1.00000000
53 35 1.00000000
35 64 1.00000000
64 35 1.00000000
35 71 1.00000000
71 35 1.00000000
35 74 1.00000000
74 35 1.00000000
35 75 1.00000000
75 35 1.00000000
35 76 1.00000000
76 35 1.00000000
35 77 1.00000000
77 35 1.00000000
35 79 1.00000000
79 35 1.00000000
35 81 1.00000000
81 35 1.00000000
35 84 1.00000000
84 35 1.00000000
35 88 1.00000000
88 35 1.00000000
35 91 1.00000000
91 35 1.00000000
35 92 1.00000000
92 35 1.00000000
35 93 1.00000000
93 35 1.00000000
36 38 1.00000000
38 36 1.00000000
36 43 1.00000000
43 36 1.00000000
36 44 1.00000000
44 36 1.00000000
36 46 1.00000000
46 36 1.00000000
36 49 1.00000000
49 36 1.00000000
36 50 1.00000000
50 36 1.00000000
36 56 1.00000000
56 36 1.00000000
36 63 1.00000000
63 36 1.00000000
36 66 1.00000000
66 36 1.00000000
36 71 1.00000000
71 36 1.00000000
36 74 1.00000000
74 36 1.00000000
36 75 1.00000000
75 36 1.00000000
36 77 1.00000000
77 36 1.00000000
36 78 1.00000000
78 36 1.00000000
36 80 1.00000000
80 36 1.00000000
36 82 1.00000000
82 36 1.00000000
36 83 1.00000000
83 36 1.00000000
36 87 1.00000000
87 36 1.00000000
36 89 1.00000000
89 36 1.00000000
36 96 1.00000000
96 36 1.00000000
36 98 1.00000000
98 36 1.00000000
37 42 1.00000000
42 37 1.00000000
37 44 1.00000000
44 37 1.00000000
37 45 1.00000000
45 37 1.00000000
37 47 1.00000000
47 37 1.00000000
37 50 1.00000000
50 37 1.00000000
37 51 1.00000000
51 37 1.00000000
37 52 1.00000000
52 37 1.00000000
37 53 1.00000000
53 37 1.00000000
37 54 1.00000000
54 37 1.00000000
37 57 1.00000000
57 37 1.00000000
37 59 1.00000000
59 37 1.00000000
37 62 1.00000000
62 37 1.00000000
37 73 1.00000000
73 37 1.00000000
37 78 1.00000000
78 37 1.00000000
37 80 1.00000000
80 37 1.00000000
37 84 1.00000000
84 37 1.00000000
37 87 1.00000000
87 37 1.00000000
37 88 1.00000000
88 37 1.00000000
37 92 1.00000000
92 37 1.00000000
37 94 1.00000000
94 37 1.00000000
37 95 1.00000000
95 37 1.00000000
37 96 1.00000000
96 37 1.00000000
37 98 1.00000000
98 37 1.00000000
37 99 1.00000000
99 37 1.00000000
38 40 1.00000000
40 38 1.00000000
38 41 1.00000000
41 38 1.00000000
38 51 1.00000000
51 38 1.00000000
38 55 1.00000000
55 38 1.00000000
38 57 1.00000000
57 38 1.00000000
38 59 1.00000000
59 38 1.00000000
38 60 1.00000000
60 38 1.00000000
38 63 1.00000000
63 38 1.00000000
38 70 1.00000000
70 38 1.00000000
38 71 1.00000000
71 38 1.00000000
38 75 1.00000000
75 38 1.00000000
38 77 1.00000000
77 38 1.00000000
38 81 1.00000000
81 38 1.00000000
38 82 1.00000000
82 38 1.00000000
38 86 1.00000000
86 38 1.00000000
38 87 1.00000000
87 38 1.00000000
38 88 1.00000000
88 38 1.00000000
38 95 1.00000000
95 38 1.00000000
38 99 1.00000000
99 38 1.00000000
39 43 1.00000000
43 39 1.00000000
39 46 1.00000000
46 39 1.00000000
39 50 1.00000000
50 39 1.00000000
39 61 1.00000000
61 39 1.00000000
39 69 1.00000000
69 39 1.00000000
39 71 1.00000000
71 39 1.00000000
39 75 1.00000000
75 39 1.00000000
39 76 1.00000000
76 39 1.00000000
39 77 1.00000000
77 39 1.00000000
39 79 1.00000000
79 39 1.00000000
39 80 1.00000000
80 39 1.00000000
39 81 1.00000000
81 39 1.00000000
39 92 1.00000000
92 39 1.00000000
39 96 1.00000000
96 39 1.00000000
39 97 1.00000000
97 39 1.00000000
40 49 1.00000000
49 40 1.00000000
40 50 1.00000000
50 40 1.00000000
40 53 1.00000000
53 40 1.00000000
40 55 1.00000000
55 40 1.00000000
40 57 1.00000000
57 40 1.00000000
40 59 1.00000000
59 40 1.00000000
40 69 1.00000000
69 40 1.00000000
40 70 1.00000000
70 40 1.00000000
40 72 1.00000000
72 40 1.00000000
40 73 1.00000000
73 40 1.00000000
40 76 1.00000000
76 40 1.00000000
40 80 1.00000000
80 40 1.00000000
40 81 1.00000000
81 40 1.00000000
40 83 1.00000000
83 40 1.00000000
40 84 1.00000000
84 40 1.00000000
40 88 1.00000000
88 40 1.00000000
40 92 1.00000000
92 40 1.00000000
40 93 1.00000000
93 40 1.00000000
40 99 1.00000000
99 40 1.00000000
41 42 1.00000000
42 41 1.00000000
41 51 1.00000000
51 41 1.00000000
41 54 1.00000000
54 41 1.00000000
41 55 1.00000000
55 41 1.00000000
41 56 1.00000000
56 41 1.00000000
41 65 1.00000000
65 41 1.00000000
41 68 1.00000000
68 41 1.00000000
41 72 1.00000000
72 41 1.00000000
41 73 1.00000000
73 41 1.00000000
41 74 1.00000000
74 41 1.00000000
41 76 1.00000000
76 41 1.00000000
41 84 1.00000000
84 41 1.00000000
41 90 1.00000000
90 41 1.00000000
41 91 1.00000000
91 41 1.00000000
41 95 1.00000000
95 41 1.00000000
41 97 1.00000000
97 41 1.00000000
42 46 1.00000000
46 42 1.00000000
42 48 1.00000000
48 42 1.00000000
42 50 1.00000000
50 42 1.00000000
42 52 1.00000000
52 42 1.00000000
42 56 1.00000000
56 42 1.00000000
42 57 1.00000000
57 42 1.00000000
42 59 1.00000000
59 42 1.00000000
42 60 1.00000000
60 42 1.00000000
42 63 1.00000000
63 42 1.00000000
42 64 1.00000000
64 42 1.00000000
42 66 1.00000000
66 42 1.00000000
42 69 1.00000000
69 42 1.00000000
42 72 1.00000000
72 42 1.00000000
42 73 1.00000000
73 42 1.00000000
42 74 1.00000000
74 42 1.00000000
42 78 1.00000000
78 42 1.00000000
42 81 1.00000000
81 42 1.00000000
42 82 1.00000000
82 42 1.00000000
42 87 1.00000000
87 42 1.00000000
42 88 1.00000000
88 42 1.00000000
42 90 1.00000000
90 42 1.00000000
42 93 1.00000000
93 42 1.00000000
42 95 1.00000000
95 42 1.00000000
42 98 1.00000000
98 42 1.00000000
43 45 1.00000000
45 43 1.00000000
43 48 1.00000000
48 43 1.00000000
43 50 1.00000000
50 43 1.00000000
43 52 1.00000000
52 43 1.00000000
43 55 1.00000000
55 43 1.00000000
43 57 1.00000000
57 43 1.00000000
43 61 1.00000000
61 43 1.00000000
43 62 1.00000000
62 43 1.00000000
43 68 1.00000000
68 43 1.00000000
43 69 1.00000000
69 43 1.00000000
43 73 1.00000000
73 43 1.00000000
43 76 1.00000000
76 43 1.00000000
43 79 1.00000000
79 43 1.00000000
43 81 1.00000000
81 43 1.00000000
43 82 1.00000000
82 43 1.00000000
43 88 1.00000000
88 43 1.00000000
43 93 1.00000000
93 43 1.00000000
43 96 1.00000000
96 43 1.00000000
43 99 1.00000000
99 43 1.00000000
44 45 1.00000000
45 44 1.00000000
44 49 1.00000000
49 44 1.00000000
44 50 1.00000000
50 44 1.00000000
44 51 1.00000000
51 44 1.00000000
44 53 1.00000000
53 44 1.00000000
44 55 1.00000000
55 44 1.00000000
44 64 1.00000000
64 44 1.00000000
44 70 1.00000000
70 44 1.00000000
44 71 1.00000000
71 44 1.00000000
44 72 1.00000000
72 44 1.00000000
44 75 1.00000000
75 44 1.00000000
44 77 1.00000000
77 44 1.00000000
44 81 1.00000000
81 44 1.00000000
44 85 1.00000000
85 44 1.00000000
44 87 1.00000000
87 44 1.00000000
44 89 1.00000000
89 44 1.00000000
44 91 1.00000000
91 44 1.00000000
45 46 1.00000000
46 45 1.00000000
45 52 1.00000000
52 45 1.00000000
45 53 1.00000000
53 45 1.00000000
45 55 1.00000000
55 45 1.00000000
45 59 1.00000000
59 45 1.00000000
45 64 1.00000000
64 45 1.00000000
45 70 1.00000000
70 45 1.00000000
45 71 1.00000000
71 45 1.00000000
45 72 1.00000000
72 45 1.00000000
45 74 1.00000000
74 45 1.00000000
45 77 1.00000000
77 45 1.00000000
45 78 1.00000000
78 45 1.00000000
45 87 1.00000000
87 45 1.00000000
45 88 1.00000000
88 45 1.00000000
45 90 1.00000000
90 45 1.00000000
45 93 1.00000000
93 45 1.00000000
45 98 1.00000000
98 45 1.00000000
46 49 1.00000000
49 46 1.00000000
46 52 1.00000000
52 46 1.00000000
46 56 1.00000000
56 46 1.00000000
46 59 1.00000000
59 46 1.00000000
46 60 1.00000000
60 46 1.00000000
46 61 1.00000000
61 46 1.00000000
46 63 1.00000000
63 46 1.00000000
46 68 1.00000000
68 46 1.00000000
46 70 1.00000000
70 46 1.00000000
46 73 1.00000000
73 46 1.00000000
46 75 1.00000000
75 46 1.00000000
46 78 1.00000000
78 46 1.00000000
46 84 1.00000000
84 46 1.00000000
46 88 1.00000000
88 46 1.00000000
46 91 1.00000000
91 46 1.00000000
46 96 1.00000000
96 46 1.00000000
46 97 1.00000000
97 46 1.00000000
46 99 1.00000000
99 46 1.00000000
47 49 1.00000000
49 47 1.00000000
47 53 1.00000000
53 47 1.00000000
47 54 1.00000000
54 47 1.00000000
47 55 1.00000000
55 47 1.00000000
47 57 1.00000000
57 47 1.00000000
47 60 1.00000000
60 47 1.00000000
47 74 1.00000000
74 47 1.00000000
47 75 1.00000000
75 47 1.00000000
47 77 1.00000000
77 47 1.00000000
47 78 1.00000000
78 47 1.00000000
47 80 1.00000000
80 47 1.00000000
47 85 1.00000000
85 47 1.00000000
47 92 1.00000000
92 47 1.00000000
47 94 1.00000000
94 47 1.00000000
48 52 1.00000000
52 48 1.00000000
48 54 1.00000000
54 48 1.00000000
48 59 1.00000000
59 48 1.00000000
48 61 1.00000000
61 48 1.00000000
48 62 1.00000000
62 48 1.00000000
48 64 1.00000000
64 48 1.00000000
48 67 1.00000000
67 48 1.00000000
48 72 1.00000000
72 48 1.00000000
48 74 1.00000000
74 48 1.00000000
48 77 1.00000000
77 48 1.00000000
48 78 1.00000000
78 48 1.00000000
48 83 1.00000000
83 48 1.00000000
48 84 1.00000000
84 48 1.00000000
48 85 1.00000000
85 48 1.00000000
48 87 1.00000000
87 48 1.00000000
48 88 1.00000000
88 48 1.00000000
48 89 1.00000000
89 48 1.00000000
48 91 1.00000000
91 48 1.00000000
48 92 1.00000000
92 48 1.00000000
48 94 1.00000000
94 48 1.00000000
49 52 1.00000000
52 49 1.00000000
49 62 1.00000000
62 49 1.00000000
49 66 1.00000000
66 49 1.00000000
49 69 1.00000000
69 49 1.00000000
49 75 1.00000000
75 49 1.00000000
49 82 1.00000000
82 49 1.00000000
49 83 1.00000000
83 49 1.00000000
49 86 1.00000000
86 49 1.00000000
49 88 1.00000000
88 49 1.00000000
49 96 1.00000000
96 49 1.00000000
49 98 1.00000000
98 49 1.00000000
49 99 1.00000000
99 49 1.00000000
50 51 1.00000000
51 50 1.00000000
50 52 1.00000000
52 50 1.00000000
50 54 1.00000000
54 50 1.00000000
50 56 1.00000000
56 50 1.00000000
50 60 1.00000000
60 50 1.00000000
50 61 1.00000000
61 50 1.00000000
50 62 1.00000000
62 50 1.00000000
50 68 1.00000000
68 50 1.00000000
50 70 1.00000000
70 50 1.00000000
50 74 1.00000000
74 50 1.00000000
50 78 1.00000000
78 50 1.00000000
50 81 1.00000000
81 50 1.00000000
50 82 1.00000000
82 50 1.00000000
50 84 1.00000000
84 50 1.00000000
50 88 1.00000000
88 50 1.00000000
50 89 1.00000000
89 50 1.00000000
50 90 1.00000000
90 50 1.00000000
50 94 1.00000000
94 50 1.00000000
50 95 1.00000000
95 50 1.00000000
50 96 1.00000000
96 50 1.00000000
51 57 1.00000000
57 51 1.00000000
51 62 1.00000000
62 51 1.00000000
51 63 1.00000000
63 51 1.00000000
51 65 1.00000000
65 51 1.00000000
51 66 1.00000000
66 51 1.00000000
51 69 1.00000000
69 51 1.00000000
51 72 1.00000000
72 51 1.00000000
51 73 1.00000000
73 51 1.00000000
51 75 1.00000000
75 51 1.00000000
51 80 1.00000000
80 51 1.00000000
51 82 1.00000000
82 51 1.00000000
51 83 1.00000000
83 51 1.00000000
51 85 1.00000000
85 51 1.00000000
51 87 1.00000000
87 51 1.00000000
51 88 1.00000000
88 51 1.00000000
51 90 1.00000000
90 51 1.00000000
51 92 1.00000000
92 51 1.00000000
52 53 1.00000000
53 52 1.00000000
52 54 1.00000000
54 52 1.00000000
52 58 1.00000000
58 52 1.00000000
52 63 1.00000000
63 52 1.00000000
52 65 1.00000000
65 52 1.00000000
52 69 1.00000000
69 52 1.00000000
52 71 1.00000000
71 52 1.00000000
52 75 1.00000000
75 52 1.00000000
52 76 1.00000000
76 52 1.00000000
52 79 1.00000000
79 52 1.00000000
52 82 1.00000000
82 52 1.00000000
52 83 1.00000000
83 52 1.00000000
52 90 1.00000000
90 52 1.00000000
52 93 1.00000000
93 52 1.00000000
52 95 1.00000000
95 52 1.00000000
53 60 1.00000000
60 53 1.00000000
53 62 1.00000000
62 53 1.00000000
53 73 1.00000000
73 53 1.00000000
53 79 1.00000000
79 53 1.00000000
53 82 1.00000000
82 53 1.00000000
53 86 1.00000000
86 53 1.00000000
53 87 1.00000000
87 53 1.00000000
53 90 1.00000000
90 53 1.00000000
53 91 1.00000000
91 53 1.00000000
53 93 1.00000000
93 53 1.00000000
53 94 1.00000000
94 53 1.00000000
53 96 1.00000000
96 53 1.00000000
53 97 1.00000000
97 53 1.00000000
54 55 1.00000000
55 54 1.00000000
54 56 1.00000000
56 54 1.00000000
54 59 1.00000000
59 54 1.00000000
54 62 1.00000000
62 54 1.00000000
54 72 1.00000000
72 54 1.00000000
54 73 1.00000000
73 54 1.00000000
54 76 1.00000000
76 54 1.00000000
54 81 1.00000000
81 54 1.00000000
54 82 1.00000000
82 54 1.00000000
54 83 1.00000000
83 54 1.00000000
54 88 1.00000000
88 54 1.00000000
55 58 1.00000000
58 55 1.00000000
55 63 1.00000000
63 55 1.00000000
55 66 1.00000000
66 55 1.00000000
55 68 1.00000000
68 55 1.00000000
55 71 1.00000000
71 55 1.00000000
55 73 1.00000000
73 55 1.00000000
55 82 1.00000000
82 55 1.00000000
55 84 1.00000000
84 55 1.00000000
55 86 1.00000000
86 55 1.00000000
55 90 1.00000000
90 55 1.00000000
55 91 1.00000000
91 55 1.00000000
55 92 1.00000000
92 55 1.00000000
55 95 1.00000000
95 55 1.00000000
55 97 1.00000000
97 55 1.00000000
55 99 1.00000000
99 55 1.00000000
56 57 1.00000000
57 56 1.00000000
56 59 1.00000000
59 56 1.00000000
56 60 1.00000000
60 56 1.00000000
56 62 1.00000000
62 56 1.00000000
56 67 1.00000000
67 56 1.00000000
56 69 1.00000000
69 56 1.00000000
56 71 1.00000000
71 56 1.00000000
56 74 1.00000000
74 56 1.00000000
56 88 1.00000000
88 56 1.00000000
56 90 1.00000000
90 56 1.00000000
56 93 1.00000000
93 56 1.00000000
56 95 1.00000000
95 56 1.00000000
56 99 1.00000000
99 56 1.00000000
57 58 1.00000000
58 57 1.00000000
57 62 1.00000000
62 57 1.00000000
57 63 1.00000000
63 57 1.00000000
57 64 1.00000000
64 57 1.00000000
57 67 1.00000000
67 57 1.00000000
57 72 1.00000000
72 57 1.00000000
57 75 1.00000000
75 57 1.00000000
57 77 1.00000000
77 57 1.00000000
57 78 1.00000000
78 57 1.00000000
57 80 1.00000000
80 57 1.00000000
57 81 1.00000000
81 57 1.00000000
57 83 1.00000000
83 57 1.00000000
57 84 1.00000000
84 57 1.00000000
57 85 1.00000000
85 57 1.00000000
57 88 1.00000000
88 57 1.00000000
57 89 1.00000000
89 57 1.00000000
57 93 1.00000000
93 57 1.00000000
57 95 1.00000000
95 57 1.00000000
57 97 1.00000000
97 57 1.00000000
58 59 1.00000000
59 58 1.00000000
58 62 1.00000000
62 58 1.00000000
58 66 1.00000000
66 58 1.00000000
58 69 1.00000000
69 58 1.00000000
58 73 1.00000000
73 58 1.00000000
58 74 1.00000000
74 58 1.00000000
58 80 1.00000000
80 58 1.00000000
58 85 1.00000000
85 58 1.00000000
58 87 1.00000000
87 58 1.00000000
58 93 1.00000000
93 58 1.00000000
58 94 1.00000000
94 58 1.00000000
58 99 1.00000000
99 58 1.00000000
59 62 1.00000000
62 59 1.00000000
59 65 1.00000000
65 59 1.00000000
59 74 1.00000000
74 59 1.00000000
59 75 1.00000000
75 59 1.00000000
59 76 1.00000000
76 59 1.00000000
59 85 1.00000000
85 59 1.00000000
59 87 1.00000000
87 59 1.00000000
59 92 1.00000000
92 59 1.00000000
59 94 1.00000000
94 59 1.00000000
59 96 1.00000000
96 59 1.00000000
60 61 1.00000000
61 60 1.00000000
60 62 1.00000000
62 60 1.00000000
60 66 1.00000000
66 60 1.00000000
60 67 1.00000000
67 60 1.00000000
60 70 1.00000000
70 60 1.00000000
60 71 1.00000000
71 60 1.00000000
60 73 1.00000000
73 60 1.00000000
60 75 1.00000000
75 60 1.00000000
60 82 1.00000000
82 60 1.00000000
60 85 1.00000000
85 60 1.00000000
60 87 1.00000000
87 60 1.00000000
60 88 1.00000000
88 60 1.00000000
60 94 1.00000000
94 60 1.00000000
61 64 1.00000000
64 61 1.00000000
61 68 1.00000000
68 61 1.00000000
61 71 1.00000000
71 61 1.00000000
61 72 1.00000000
72 61 1.00000000
61 80 1.00000000
80 61 1.00000000
61 81 1.00000000
81 61 1.00000000
61 85 1.00000000
85 61 1.00000000
61 86 1.00000000
86 61 1.00000000
61 89 1.00000000
89 61 1.00000000
61 90 1.00000000
90 61 1.00000000
62 68 1.00000000
68 62 1.00000000
62 70 1.00000000
70 62 1.00000000
62 72 1.00000000
72 62 1.00000000
62 78 1.00000000
78 62 1.00000000
62 79 1.00000000
79 62 1.00000000
62 84 1.00000000
84 62 1.00000000
62 86 1.00000000
86 62 1.00000000
62 98 1.00000000
98 62 1.00000000
63 67 1.00000000
67 63 1.00000000
63 71 1.00000000
71 63 1.00000000
63 72 1.00000000
72 63 1.00000000
63 82 1.00000000
82 63 1.00000000
63 83 1.00000000
83 63 1.00000000
63 86 1.00000000
86 63 1.00000000
63 87 1.00000000
87 63 1.00000000
63 93 1.00000000
93 63 1.00000000
64 71 1.00000000
71 64 1.00000000
64 73 1.00000000
73 64 1.00000000
64 75 1.00000000
75 64 1.00000000
64 77 1.00000000
77 64 1.00000000
64 83 1.00000000
83 64 1.00000000
64 85 1.00000000
85 64 1.00000000
64 87 1.00000000
87 64 1.00000000
64 90 1.00000000
90 64 1.00000000
64 95 1.00000000
95 64 1.00000000
64 97 1.00000000
97 64 1.00000000
65 71 1.00000000
71 65 1.00000000
65 73 1.00000000
73 65 1.00000000
65 74 1.00000000
74 65 1.00000000
65 76 1.00000000
76 65 1.00000000
65 79 1.00000000
79 65 1.00000000
65 80 1.00000000
80 65 1.00000000
65 83 1.00000000
83 65 1.00000000
65 87 1.00000000
87 65 1.00000000
65 88 1.00000000
88 65 1.00000000
65 89 1.00000000
89 65 1.00000000
65 91 1.00000000
91 65 1.00000000
65 92 1.00000000
92 65 1.00000000
65 95 1.00000000
95 65 1.00000000
66 74 1.00000000
74 66 1.00000000
66 75 1.00000000
75 66 1.00000000
66 76 1.00000000
76 66 1.00000000
66 77 1.00000000
77 66 1.00000000
66 83 1.00000000
83 66 1.00000000
66 93 1.00000000
93 66 1.00000000
66 94 1.00000000
94 66 1.00000000
67 71 1.00000000
71 67 1.00000000
67 75 1.00000000
75 67 1.00000000
67 77 1.00000000
77 67 1.00000000
67 79 1.00000000
79 67 1.00000000
67 80 1.00000000
80 67 1.00000000
67 84 1.00000000
84 67 1.00000000
67 85 1.00000000
85 67 1.00000000
67 91 1.00000000
91 67 1.00000000
67 92 1.00000000
92 67 1.00000000
67 97 1.00000000
97 67 1.00000000
68 77 1.00000000
77 68 1.00000000
68 78 1.00000000
78 68 1.00000000
68 84 1.00000000
84 68 1.00000000
68 87 1.00000000
87 68 1.00000000
68 88 1.00000000
88 68 1.00000000
68 89 1.00000000
89 68 1.00000000
68 99 1.00000000
99 68 1.00000000
69 71 1.00000000
71 69 1.00000000
69 72 1.00000000
72 69 1.00000000
69 77 1.00000000
77 69 1.00000000
69 79 1.00000000
79 69 1.00000000
69 81 1.00000000
81 69 1.00000000
69 87 1.00000000
87 69 1.00000000
69 89 1.00000000
89 69 1.00000000
69 94 1.00000000
94 69 1.00000000
69 96 1.00000000
96 69 1.00000000
70 71 1.00000000
71 70 1.00000000
70 75 1.00000000
75 70 1.00000000
70 77 1.00000000
77 70 1.00000000
70 79 1.00000000
79 70 1.00000000
70 80 1.00000000
80 70 1.00000000
70 81 1.00000000
81 70 1.00000000
70 89 1.00000000
89 70 1.00000000
70 94 1.00000000
94 70 1.00000000
70 96 1.00000000
96 70 1.00000000
71 74 1.00000000
74 71 1.00000000
71 75 1.00000000
75 71 1.00000000
71 82 1.00000000
82 71 1.00000000
71 84 1.00000000
84 71 1.00000000
71 85 1.00000000
85 71 1.00000000
71 90 1.00000000
90 71 1.00000000
71 96 1.00000000
96 71 1.00000000
71 99 1.00000000
99 71 1.00000000
72 73 1.00000000
73 72 1.00000000
72 75 1.00000000
75 72 1.00000000
72 82 1.00000000
82 72 1.00000000
72 89 1.00000000
89 72 1.00000000
72 92 1.00000000
92 72 1.00000000
72 94 1.00000000
94 72 1.00000000
72 99 1.00000000
99 72 1.00000000
73 76 1.00000000
76 73 1.00000000
73 80 1.00000000
80 73 1.00000000
73 81 1.00000000
81 73 1.00000000
73 88 1.00000000
88 73 1.00000000
73 89 1.00000000
89 73 1.00000000
73 90 1.00000000
90 73 1.00000000
73 93 1.00000000
93 73 1.00000000
73 94 1.00000000
94 73 1.00000000
73 97 1.00000000
97 73 1.00000000
74 79 1.00000000
79 74 1.00000000
74 90 1.00000000
90 74 1.00000000
75 77 1.00000000
77 75 1.00000000
75 81 1.00000000
81 75 1.00000000
75 84 1.00000000
84 75 1.00000000
75 90 1.00000000
90 75 1.00000000
75 94 1.00000000
94 75 1.00000000
76 79 1.00000000
79 76 1.00000000
76 81 1.00000000
81 76 1.00000000
76 82 1.00000000
82 76 1.00000000
76 86 1.00000000
86 76 1.00000000
76 89 1.00000000
89 76 1.00000000
76 93 1.00000000
93 76 1.00000000
76 94 1.00000000
94 76 1.00000000
76 95 1.00000000
95 76 1.00000000
76 96 1.00000000
96 76 1.00000000
77 79 1.00000000
79 77 1.00000000
77 86 1.00000000
86 77 1.00000000
77 88 1.00000000
88 77 1.00000000
77 91 1.00000000
91 77 1.00000000
77 93 1.00000000
93 77 1.00000000
77 96 1.00000000
96 77 1.00000000
77 98 1.00000000
98 77 1.00000000
78 84 1.00000000
84 78 1.00000000
78 85 1.00000000
85 78 1.00000000
78 94 1.00000000
94 78 1.00000000
78 96 1.00000000
96 78 1.00000000
78 98 1.00000000
98 78 1.00000000
79 82 1.00000000
82 79 1.00000000
79 85 1.00000000
85 79 1.00000000
79 86 1.00000000
86 79 1.00000000
80 89 1.00000000
89 80 1.00000000
80 92 1.00000000
92 80 1.00000000
80 93 1.00000000
93 80 1.00000000
81 82 1.00000000
82 81 1.00000000
81 84 1.00000000
84 81 1.00000000
81 87 1.00000000
87 81 1.00000000
81 89 1.00000000
89 81 1.00000000
81 91 1.00000000
91 81 1.00000000
82 86 1.00000000
86 82 1.00000000
82 88 1.00000000
88 82 1.00000000
82 89 1.00000000
89 82 1.00000000
82 91 1.00000000
91 82 1.00000000
82 92 1.00000000
92 82 1.00000000
82 97 1.00000000
97 82 1.00000000
83 85 1.00000000
85 83 1.00000000
83 88 1.00000000
88 83 1.00000000
83 89 1.00000000
89 83 1.00000000
83 91 1.00000000
91 83 1.00000000
83 94 1.00000000
94 83 1.00000000
83 98 1.00000000
98 83 1.00000000
83 99 1.00000000
99 83 1.00000000
84 99 1.00000000
99 84 1.00000000
85 87 1.00000000
87 85 1.00000000
86 88 1.00000000
88 86 1.00000000
86 92 1.00000000
92 86 1.00000000
86 93 1.00000000
93 86 1.00000000
86 98 1.00000000
98 86 1.00000000
86 99 1.00000000
99 86 1.00000000
87 88 1.00000000
88 87 1.00000000
87 95 1.00000000
95 87 1.00000000
87 97 1.00000000
97 87 1.00000000
87 98 1.00000000
98 87 1.00000000
87 99 1.00000000
99 87 1.00000000
88 90 1.00000000
90 88 1.00000000
88 93 1.00000000
93 88 1.00000000
88 96 1.00000000
96 88 1.00000000
89 92 1.00000000
92 89 1.00000000
90 92 1.00000000
92 90 1.00000000
90 94 1.00000000
94 90 1.00000000
90 98 1.00000000
98 90 1.00000000
91 95 1.00000000
95 91 1.00000000
91 99 1.00000000
99 91 1.00000000
92 93 1.00000000
93 92 1.00000000
92 97 1.00000000
97 92 1.00000000
93 95 1.00000000
95 93 1.00000000
93 97 1.00000000
97 93 1.00000000
93 99 1.00000000
99 93 1.00000000
94 96 1.00000000
96 94 1.00000000
94 99 1.00000000
99 94 1.00000000
95 98 1.00000000
98 95 1.00000000
96 97 1.00000000
97 96 1.00000000
97 98 1.00000000
98 97 1.00000000
